iteration,instance_start0,instance_started0,delta0
15,1651545397.721,1651545421.469,23.748000144958496
27,1651601563.531,1651601586.939,23.407999992370605
3,1651410743.948,1651410770.683,26.735000133514404
14,1651521364.78,1651521379.064,14.283999919891357
25,1651596337.585,1651596351.131,13.546000003814697
0,1651403357.175,1651403382.742,25.567000150680542
16,1651548041.928,1651548052.046,10.118000030517578
9,1651458530.42,1651458557.926,27.50600004196167
18,1651553554.754,1651553566.073,11.319000005722046
19,1651556379.72,1651556404.25,24.52999997138977
11,1651513354.183,1651513374.839,20.655999898910522
20,1651559037.651,1651559055.525,17.874000072479248
