iteration,appName,initial,final,delta
15,grafana,1651548068,1651548509.0,441.0
15,kafka,1651548068,1651548408.0,340.0
15,keystone,1651548068,1651548183.0,115.0
15,lcm,1651548068,1651548640.0,572.0
15,mariadb,1651548068,1651548444.0,376.0
15,mon,1651548068,1651548480.0,412.0
15,mongodb,1651548068,1651548491.0,423.0
15,nbi,1651548068,1651548543.0,475.0
15,nbi-custom-operator,1651548068,1651548605.0,537.0
15,ng-ui,1651548068,1651548434.0,366.0
15,pla,1651548068,1651548476.0,408.0
15,pol,1651548068,1651548530.0,462.0
15,prometheus,1651548068,1651548285.0,217.0
15,ro,1651548068,1651548530.0,462.0
15,zookeeper,1651548068,1651548415.0,347.0
27,grafana,1651604299,1651604734.0,435.0
27,kafka,1651604299,1651604649.0,350.0
27,keystone,1651604299,1651604415.0,116.0
27,lcm,1651604299,1651604774.0,475.0
27,mariadb,1651604299,1651604681.0,382.0
27,mon,1651604299,1651604706.0,407.0
27,mongodb,1651604299,1651604686.0,387.0
27,nbi,1651604299,1651604742.0,443.0
27,nbi-custom-operator,1651604299,1651604801.0,502.0
27,ng-ui,1651604299,1651604709.0,410.0
27,pla,1651604299,1651604718.0,419.0
27,pol,1651604299,1651604715.0,416.0
27,prometheus,1651604299,1651604504.0,205.0
27,ro,1651604299,1651604721.0,422.0
27,zookeeper,1651604299,1651604643.0,344.0
3,grafana,1651413552,1651413994.0,442.0
3,kafka,1651413552,1651413868.0,316.0
3,keystone,1651413552,1651413900.0,348.0
3,lcm,1651413552,1651414000.0,448.0
3,mariadb,1651413552,1651413945.0,393.0
3,mon,1651413552,1651413925.0,373.0
3,mongodb,1651413552,1651413955.0,403.0
3,nbi,1651413552,1651414005.0,453.0
3,nbi-custom-operator,1651413552,1651414061.0,509.0
3,ng-ui,1651413552,1651413961.0,409.0
3,pla,1651413552,1651413977.0,425.0
3,pol,1651413552,1651413998.0,446.0
3,prometheus,1651413552,1651413754.0,202.0
3,ro,1651413552,1651414007.0,455.0
3,zookeeper,1651413552,1651413903.0,351.0
14,grafana,1651524095,1651524541.0,446.0
14,kafka,1651524095,1651524458.0,363.0
14,keystone,1651524095,1651524208.0,113.0
14,lcm,1651524095,1651524574.0,479.0
14,mariadb,1651524095,1651524491.0,396.0
14,mon,1651524095,1651524519.0,424.0
14,mongodb,1651524095,1651524537.0,442.0
14,nbi,1651524095,1651524594.0,499.0
14,nbi-custom-operator,1651524095,1651524599.0,504.0
14,ng-ui,1651524095,1651524550.0,455.0
14,pla,1651524095,1651524527.0,432.0
14,pol,1651524095,1651524573.0,478.0
14,prometheus,1651524095,1651524305.0,210.0
14,ro,1651524095,1651524588.0,493.0
14,zookeeper,1651524095,1651524229.0,134.0
25,grafana,1651599046,1651599496.0,450.0
25,kafka,1651599046,1651599393.0,347.0
25,keystone,1651599046,1651599170.0,124.0
25,lcm,1651599046,1651599516.0,470.0
25,mariadb,1651599046,1651599431.0,385.0
25,mon,1651599046,1651599459.0,413.0
25,mongodb,1651599046,1651599482.0,436.0
25,nbi,1651599046,1651599536.0,490.0
25,nbi-custom-operator,1651599046,1651599575.0,529.0
25,ng-ui,1651599046,1651599421.0,375.0
25,pla,1651599046,1651599468.0,422.0
25,pol,1651599046,1651599512.0,466.0
25,prometheus,1651599046,1651599260.0,214.0
25,ro,1651599046,1651599533.0,487.0
25,zookeeper,1651599046,1651599173.0,127.0
0,grafana,1651406160,1651406597.0,437.0
0,kafka,1651406160,1651406507.0,347.0
0,keystone,1651406160,1651406287.0,127.0
0,lcm,1651406160,1651406647.0,487.0
0,mariadb,1651406160,1651406541.0,381.0
0,mon,1651406160,1651406560.0,400.0
0,mongodb,1651406160,1651406382.0,222.0
0,nbi,1651406160,1651406601.0,441.0
0,nbi-custom-operator,1651406160,1651406678.0,518.0
0,ng-ui,1651406160,1651406569.0,409.0
0,pla,1651406160,1651406578.0,418.0
0,pol,1651406160,1651406531.0,371.0
0,prometheus,1651406160,1651406590.0,430.0
0,ro,1651406160,1651406590.0,430.0
0,zookeeper,1651406160,1651406288.0,128.0
16,grafana,1651550760,1651551209.0,449.0
16,kafka,1651550760,1651551114.0,354.0
16,keystone,1651550760,1651550876.0,116.0
16,lcm,1651550760,1651551230.0,470.0
16,mariadb,1651550760,1651551164.0,404.0
16,mon,1651550760,1651551179.0,419.0
16,mongodb,1651550760,1651551018.0,258.0
16,nbi,1651550760,1651551218.0,458.0
16,nbi-custom-operator,1651550760,1651551269.0,509.0
16,ng-ui,1651550760,1651551156.0,396.0
16,pla,1651550760,1651551199.0,439.0
16,pol,1651550760,1651551200.0,440.0
16,prometheus,1651550760,1651550961.0,201.0
16,ro,1651550760,1651551175.0,415.0
16,zookeeper,1651550760,1651551126.0,366.0
9,grafana,1651461166,1651461623.0,457.0
9,kafka,1651461166,1651461521.0,355.0
9,keystone,1651461166,1651461292.0,126.0
9,lcm,1651461166,1651461646.0,480.0
9,mariadb,1651461166,1651461555.0,389.0
9,mon,1651461166,1651461593.0,427.0
9,mongodb,1651461166,1651461386.0,220.0
9,nbi,1651461166,1651461632.0,466.0
9,nbi-custom-operator,1651461166,1651461689.0,523.0
9,ng-ui,1651461166,1651461588.0,422.0
9,pla,1651461166,1651461573.0,407.0
9,pol,1651461166,1651461553.0,387.0
9,prometheus,1651461166,1651461611.0,445.0
9,ro,1651461166,1651461590.0,424.0
9,zookeeper,1651461166,1651461301.0,135.0
18,grafana,1651556259,1651556695.0,436.0
18,kafka,1651556259,1651556598.0,339.0
18,keystone,1651556259,1651556377.0,118.0
18,lcm,1651556259,1651556787.0,528.0
18,mariadb,1651556259,1651556647.0,388.0
18,mon,1651556259,1651556650.0,391.0
18,mongodb,1651556259,1651556656.0,397.0
18,nbi,1651556259,1651556714.0,455.0
18,nbi-custom-operator,1651556259,1651556768.0,509.0
18,ng-ui,1651556259,1651556685.0,426.0
18,pla,1651556259,1651556631.0,372.0
18,pol,1651556259,1651556698.0,439.0
18,prometheus,1651556259,1651556466.0,207.0
18,ro,1651556259,1651556706.0,447.0
18,zookeeper,1651556259,1651556618.0,359.0
19,grafana,1651558912,1651559336.0,424.0
19,kafka,1651558912,1651559265.0,353.0
19,keystone,1651558912,1651559036.0,124.0
19,lcm,1651558912,1651559417.0,505.0
19,mariadb,1651558912,1651559285.0,373.0
19,mon,1651558912,1651559347.0,435.0
19,mongodb,1651558912,1651559337.0,425.0
19,nbi,1651558912,1651559392.0,480.0
19,nbi-custom-operator,1651558912,1651559456.0,544.0
19,ng-ui,1651558912,1651559367.0,455.0
19,pla,1651558912,1651559368.0,456.0
19,pol,1651558912,1651559351.0,439.0
19,prometheus,1651558912,1651559162.0,250.0
19,ro,1651558912,1651559360.0,448.0
19,zookeeper,1651558912,1651559035.0,123.0
11,grafana,1651516090,1651516522.0,432.0
11,kafka,1651516090,1651516425.0,335.0
11,keystone,1651516090,1651516206.0,116.0
11,lcm,1651516090,1651516481.0,391.0
11,mariadb,1651516090,1651516473.0,383.0
11,mon,1651516090,1651516481.0,391.0
11,mongodb,1651516090,1651516476.0,386.0
11,nbi,1651516090,1651516533.0,443.0
11,nbi-custom-operator,1651516090,1651516596.0,506.0
11,ng-ui,1651516090,1651516498.0,408.0
11,pla,1651516090,1651516501.0,411.0
11,pol,1651516090,1651516504.0,414.0
11,prometheus,1651516090,1651516288.0,198.0
11,ro,1651516090,1651516541.0,451.0
11,zookeeper,1651516090,1651516436.0,346.0
20,grafana,1651561749,1651562174.0,425.0
20,kafka,1651561749,1651562110.0,361.0
20,keystone,1651561749,1651561874.0,125.0
20,lcm,1651561749,1651562129.0,380.0
20,mariadb,1651561749,1651562129.0,380.0
20,mon,1651561749,1651562147.0,398.0
20,mongodb,1651561749,1651561967.0,218.0
20,nbi,1651561749,1651562190.0,441.0
20,nbi-custom-operator,1651561749,1651562276.0,527.0
20,ng-ui,1651561749,1651562147.0,398.0
20,pla,1651561749,1651562150.0,401.0
20,pol,1651561749,1651562173.0,424.0
20,prometheus,1651561749,1651562166.0,417.0
20,ro,1651561749,1651562189.0,440.0
20,zookeeper,1651561749,1651561877.0,128.0
